$ANSIBLE_VAULT;1.1;AES256
30373039626236313566636430333635613263376534326261326437626636336534303239646563
3137356639303731313232666535656162336136383338370a366562643265653231643435363237
39316232343431633831663932303763633866643237643364366539663034363963396530663930
3230613531323934300a613935393736383966346466386161396334386230656435326366363138
32323336363462326466376337633261613633343666353864613035636134393134396635666333
66666238643130363437383331396461313861353832346534346566363565653864376266313761
65366664663539333762656237393235313866653866373830363864396437643834316563353266
30393863336131663161353438616231353538353038656232616564656632336130613639336235
66623135366231333437306630373937396435313762393233306163323136626337643236386664
64653133653364626365663535333735616230356262333139356161396165303936386337626465
30313535626161323263353330633539346237336535356162663738373562343538353839313865
62383033666365613364356130326134376430393965613165383538363665323235366566623630
30343665383666313033643566373138643330313331633536666230396463623938623762313835
62333837613166363965663932373932326331616533383732383764323131616636306634303465
36613565316165383165373330303531373563316633333736386236336265343762363537393535
37656561333464303162653733393862343136633539616563313364386434356364613839636638
32653665386636376432376336613031356566636634656436343437313231383161666637393865
63303463333831316639653766393735656233396166373336306564316139306162643936666138
38323864653038386561396663383034303234343636653836386339323535653531623439653066
33636537613964393132653835366334323538393334356331346631613365623162383936656336
3666
