$ANSIBLE_VAULT;1.1;AES256
32633963663631316632333336383635633834386362313064613239663061306136336133663765
6531383735376663316136663233663439326237333666380a393134613330386331376232316436
61333135376234353534376162633431653334386330323435653139656439643665653335353064
3135373162623562310a656561303664313462366639633465323039316362623435366435633266
63356165383562393932656334646138646363386530353065383866353961363565356366343533
31336233366535323035386561373235343565623439306161336362643034613732346534306234
31316639326666633666313730666336353035623063643366393365363836336530616432646563
33323765353736663962376633313630306335346630303735643665663933636663636633356132
38636537343134663264643763363731386165346661333761396636653233653936313138396531
66636365313163633430373739663536306362656238363736333534343937666439636263363863
32313561656630346632303534666632623664636138373937326666333863663461303333633364
65336138396136663564643538326135323532333064623165376562613930333034633336653037
61343234653564316463666463373561666339376664386261363239653632333032303638663633
64303864326463313232346531303936346362386331393738336130616362346638366138643136
61313439353739653938363765396633363334646166333864616536393162353930383661323439
62623734376664386436346162653964303937353364653833373933616339646639393862306231
33646364653265626664343463383536643239663564616539656630346362306461363937626161
38336435613263656236373361326139323761326264393133323430383633636235356262396630
32643465633766653034633962353530303032343964666438316133333938343364356139653335
36396261636165303037373633373338303464613432623566653665616664633530313837633037
34613738663161323132663038393831613165366231363735626237623663333234313864323138
61323132393963373332353834376635613835353338666632643030343362393334663730633366
35343930333133646633613163386530336634336662343261336435623330653263626665653761
33396336323438343831303932303236663139346164323031383161663230363332326664323564
64336261393733646165333439616338623137653339633462643938633037363764353334303162
65323339653338616530353165323237306236376365643066663966356535353137643762623238
34353161306638346464663136333366646665343830323461653061623762656666393035656430
32373166303732666562646232363832646664303035346238643739316136613033643536656437
30343931636134383637626439323334383032616433303961393265393565353433613433616335
3864376461663236383262303465353865373939643239386264
